6 6 1 1 1 6 6 6 6 6 6 6 6 1 6 6 1 6 1 1 1 6
6 6 1 6 6 1 6 1 6 1 1 1 6 1 6 1 6 6 1 6 6 6
6 6 1 1 6 1 1 1 6 1 6 1 6 1 1 6 6 6 1 1 6 6
6 6 6 1 6 1 6 1 6 1 1 1 6 1 6 1 6 6 1 6 6 6
6 1 1 1 6 1 6 1 6 1 6 1 6 1 6 6 1 6 1 1 1 6
6 6 6 1 1 1 1 1 1 1 1 1 1 1 1 1 1 1 1 6 6 6
1 6 6 1 0 0 0 0 0 0 0 0 7 7 7 7 7 7 1 1 6 6
1 1 1 1 0 0 0 0 0 0 0 0 7 7 7 7 7 7 1 1 1 1
6 1 6 1 0 0 0 0 0 0 0 0 7 7 7 7 7 7 1 6 1 6
6 6 6 1 0 0 0 0 0 0 0 0 7 7 7 7 7 7 1 6 6 6
1 6 6 1 0 0 0 0 0 0 0 7 7 7 7 7 7 7 1 1 6 6
1 1 1 1 0 0 0 0 0 0 0 7 7 7 7 7 7 7 1 1 1 1
6 1 6 1 0 0 0 0 0 0 0 7 7 7 7 7 7 7 1 6 1 6
6 6 6 1 0 0 0 0 0 0 0 7 7 7 7 7 7 7 1 6 6 6
1 6 6 1 0 0 0 0 0 0 0 7 7 7 7 7 7 7 1 1 6 6
1 1 1 1 0 0 0 0 5 0 0 7 7 7 7 7 7 7 1 1 1 1
6 1 6 1 0 0 0 0 0 0 0 0 7 7 7 7 7 7 1 6 1 6
6 6 6 1 0 0 0 0 0 0 0 0 7 7 7 7 7 7 1 6 6 6
1 6 6 1 0 0 0 0 0 0 0 0 7 7 7 7 7 7 1 1 6 6
1 1 1 1 1 1 1 1 1 1 1 1 1 1 1 1 1 1 1 1 1 1
6 1 6 6 6 6 6 6 6 6 6 6 6 6 6 6 6 6 6 6 1 6