6 6 6 6 6 6 6 6 1 1 6 6 1 1 6 6 1 1 6 6 1 6
6 9 9 9 9 9 9 6 6 6 1 1 6 6 1 1 6 6 1 1 6 1
6 9 0 0 0 0 9 6 6 1 1 1 1 1 1 1 1 1 1 6 1 6
6 9 0 0 0 0 9 6 1 1 1 1 1 1 1 1 1 1 1 6 1 6
6 9 9 9 9 9 9 6 1 7 7 7 7 7 7 7 7 7 1 1 6 1
6 6 6 6 6 6 6 6 1 7 7 7 7 7 7 7 7 7 1 1 6 1
1 1 1 1 1 1 1 1 7 7 7 7 7 7 7 7 7 7 1 1 1 6
1 7 7 7 7 7 7 7 7 7 7 7 7 7 7 7 7 7 1 1 1 6
1 7 7 7 7 7 7 7 7 7 7 7 7 7 7 7 7 7 1 1 6 1
1 7 7 7 7 7 7 7 7 7 7 7 7 7 7 7 7 7 1 1 6 1
1 7 7 7 7 7 7 7 7 7 7 7 7 7 7 7 7 7 1 1 1 6
1 7 7 7 7 7 7 7 7 7 7 7 5 7 7 7 7 7 1 1 1 6
1 7 7 7 7 7 7 7 7 7 7 7 7 7 7 7 7 7 1 1 6 1
1 7 7 7 7 7 7 7 7 7 7 7 7 7 7 7 7 7 1 1 6 1
1 7 7 7 7 7 7 7 7 7 7 7 7 7 7 7 7 7 1 1 1 6
1 7 7 7 7 7 7 7 7 7 7 7 7 7 7 7 7 7 1 1 1 6
1 7 7 7 7 7 7 7 7 7 7 7 7 7 7 7 7 7 1 1 6 1
1 7 7 7 7 7 7 7 7 1 1 1 1 1 1 1 1 1 1 1 1 1
1 7 7 7 7 7 7 7 1 1 1 1 1 1 1 1 1 1 6 6 1 6
1 7 7 7 7 7 7 7 1 1 6 1 1 6 6 1 1 6 6 1 1 6
1 1 1 1 1 1 1 1 1 1 1 6 6 1 1 6 6 1 1 6 6 6