11111111111111111111111111111111111111111111111111111111111111111111111111111111
10000000000000000000000000000000000000000000000001000000000030000000000000000001
10000000000000000000000000000000000000000000000001000000000000000000000000000001
10000000000000000000000000000000000000000000000001000000000000000000000000000001
10000000000000000000000000000000000000000000000001000000000000000000000000000001
10000000000000000000000000000000000000000000000001000000000000000000000000000001
10000000000000000000000000000000000000000000000001000000000000000000000000000001
10000000000000000000000000000000000000000000000001000000000000000000000000000001
10000000000000000000000000000000000000000000000001000000000000000000000000000001
10000000000000000000000000000000000000000000000001000000000000000000000000000001
10000000000000000000000000000000000000000000000001000000000000000000000000000001
10000000000000000000000000000000000000000000000001000000000000000000000000000001
10000000000000000000000000000000000000000000000001000000000000000000000000000001
10000000000000000000000000000000000000000000000001000000000000000000000000000001
10000000000000000000000000000000000000000000000001000000000000000000000000000001
10000000000000000000000000000000000000000000000001000000000000000000000000000001
10000000000000000000000000000000000000000000000001000000000000000000000000000001
10000000000000000000000000000000000000000000000001000000000000000000000000000001
10000000000000000000000000000000000000000000000001000000000000000000000000000001
10000000000000000000000000000000000000000000000001000000000000000000000000000001
10000000000000000000000000000000000000000000000001000000000000000000000000000001
10000000000000000000000000000000000000000000000001000000000000000000000000000001
10000000000000000000000000000000000000000000000001000000000000000000000000000001
10000000000000000000000000000000000000000000000001000000000000000000000000000001
10000000000000000000000000000000000000000000000001300000000000000000000000000001
10000000000000000000000000000000000000000000000001000000000000000000000000000001
10000000000000000000000000000000000000000000000001000000000000000000000000000001
10000000000000000000000000000000000000000000000001000000000000000000000000000001
10000000000000000000000000000000000000000000000001000000000000000000000000000001
10000000000000000000000000000000000000000000000001000000000000000000000000000001
10000000000000000000000000000000000000000000000001000000000000000000000000000001
10000000000000000000000000000000000000000000000001000000000000000000000000000001
10000000000000000000000000000000000000000000000001000000000000000000000000000001
10000000000000000000000000000000000000000000000001000000000000000000000000000001
10000000000000000000000000000000000000000000000001000000000000000000000000000001
10000000000000000000000000000000000000000000000001000000000000000000000000000001
10000000000000000000000000000000000000000000000001000000000000000000000000000001
10000000000000000000000000000000000000000000000001000000000000000000000000000001
10000000000000000000000000000000000000000000000001000000000000000000000000000001
10000000000000000000000000000000000000000000000001000000000000000000000000000001
10000000000000000000000000000000000000000000000001000000000000000000000000000001
10000000000000000000000000000000000000000000000001000000000000000000000000000001
10000000000000000000000000000000000000000000000001000000000000000000000000000001
10000000000000000000000000000000000000000000000001000000000000000000000000000001
10000000000000000000000000000000000000000000000001000000000000000000000000000001
10000000000000000000000000000000000000000000000001000000000000000000000000000001
10000000000000000000000000000000000000000000000001000000000000000000000000000001
10000000000000000000000000000000000000000000000001000000000000000000000000000001
10000000000000000000000000000000000000000000000001000000000000000000000000000001
10000000000000000000000000000000000000000000000001000000000000000000000000000001
10000000000000000000000000000000000000000000000001000000000000000000000000000001
10000000000000000000000000000000000000000000000001000000000000000000000000000001
10005000000000000000000000000000000000000000000001000000000000000000000000000001
10000000000000000000000000000000000000000000000001000000000000000000000000000001
10000000000000000000000000000000000000000000000001000000000000000000000000000001
10000000000000000000000000000000000000000000000001000000000000000000000000000001
10000000000000000000000000000000000000000000000001000000000000000000000000000001
10000000000000000000000000000000000000000000000001000000000000000000000000000001
10000000000000000000000000000000000000000000000001000000000000000000000000000001
11111111111111111111111111111111111111111111111111111111111111111111111111111111